611
0
0
6
7
-2
55
48
5
7
-2
18
83
10
6
-2
37
21
11
10
-2
12
5
8
8
-2
56
77
7
8
-2
14
19
10
9
-2
0
33
5
6
-2
52
62
11
8
-2
69
82
6
9
-2
13
53
11
11
-2
77
3
7
5
-2
42
39
11
8
-2
62
52
11
8
-2
34
75
8
5
-2
38
62
7
7
-2
0
54
11
9
-2
19
66
7
11
-2
42
11
5
8
-2
64
41
8
9
-2
4
43
6
5
-2
29
3
9
10
-2
53
23
10
10
-2
77
25
5
8
-2
51
4
9
6
-2
27
24
6
10
-2
40
84
7
11
-2
83
87
11
6
-2
81
71
11
8
-2
9
91
11
8
-2
10
82
5
6
-2
75
45
11
11
-2
87
13
6
6
-2
3
69
6
11
-2
88
57
5
11
-2
66
22
7
6
-2
65
1
9
8
-2
35
38
5
8
-2
51
91
7
8
-2
28
51
8
8
-2
90
29
9
5
-2
29
64
6
5
-2
1
17
9
7
-2
44
2
5
7
-2
51
14
10
5
-2
88
44
11
10
-2
89
21
5
5
-2
67
71
11
8
-2
72
11
11
7
-2
17
32
8
7
-2
40
49
6
8
-2
27
38
6
8
-2
47
72
5
8
-2
32
91
6
5
-2
15
43
8
8
-2
77
59
9
10
-2
90
2
7
9
-2
0
89
7
8
-2
83
36
11
5
-2
61
87
6
8
-2
26
16
7
6
-2
-1
0
0
0
-3
6
5
12
5
-3
14
13
14
19
-3
23
28
23
32
-3
24
20
26
20
-3
10
21
14
21
-3
22
39
22
43
-3
25
33
27
33
-3
31
13
31
16
-3
33
21
37
21
-3
21
51
21
53
-3
23
43
27
43
-3
10
46
15
46
-3
38
31
38
38
-3
44
19
44
21
-3
48
25
53
25
-3
19
64
19
66
-3
24
57
28
57
-3
11
62
13
62
-3
40
39
42
39
-3
46
9
46
11
-3
47
16
51
16
-3
63
25
66
25
-3
22
77
22
83
-3
26
67
29
67
-3
36
54
40
54
-3
3
63
3
69
-3
49
4
51
4
-3
72
18
72
22
-3
73
26
77
26
-3
19
89
19
91
-3
15
85
18
85
-3
34
69
34
75
-3
35
68
38
68
-3
60
7
65
7
-3
78
8
78
11
-3
83
16
87
16
-3
82
25
89
25
-3
7
93
9
93
-3
45
68
52
68
-3
90
11
90
13
-3
92
26
92
29
-3
4
39
4
43
-3
40
80
40
84
-3
42
79
47
79
-3
61
70
61
77
-3
62
60
62
62
-3
93
34
93
36
-3
62
85
62
87
-3
63
78
67
78
-3
66
50
66
52
-3
73
52
75
52
-3
60
52
62
52
-3
93
41
93
44
-3
67
89
69
89
-3
58
93
61
93
-3
77
69
77
71
-3
78
71
81
71
-3
75
90
83
90
-3
38
93
40
93
-3
86
67
88
67
-3
